0 0.733802 0.467191 0.0403115 0.0230761
0 0.611437 0.887068 0.04259 0.0245895
0 0.0279797 0.234647 0.0469808 0.0233337
0 0.251465 0.915703 0.0275041 0.0625111
0 0.49249 0.684847 0.0418192 0.0478253
0 0.946172 0.919088 0.055344 0.0413979
0 0.383018 0.671849 0.041936 0.0269707
0 0.540166 0.753597 0.0333374 0.0389767
0 0.619935 0.580236 0.03403 0.0303495
0 0.0948246 0.971079 0.0327362 0.0526352
0 0.593029 0.496441 0.0391037 0.0311583
0 0.21162 0.925801 0.0320293 0.0479343
0 0.601273 0.844943 0.0249517 0.0426373
0 0.124377 0.903026 0.0538257 0.0392307
0 0.473304 0.990209 0.0377943 0.0195303
0 0.358359 0.803322 0.0289842 0.0358469
0 0.550532 0.784249 0.0510618 0.0274509
0 0.322973 0.273623 0.0353612 0.0378929
0 0.968515 0.30644 0.0362251 0.0279048
0 0.710104 0.868608 0.035524 0.0462608
0 0.66071 0.570432 0.044668 0.0369139
0 0.687341 0.879666 0.0296478 0.0351616
0 0.631929 0.453278 0.0604113 0.0331773
0 0.477546 0.812378 0.0421105 0.0280621
0 0.654797 0.964436 0.0266521 0.048777
0 0.699391 0.805289 0.0337977 0.0229317
0 0.289489 0.88365 0.0399824 0.0240612
0 0.635303 0.925931 0.0439676 0.0251738
0 0.511878 0.839684 0.0267211 0.0398308
0 0.671553 0.740529 0.0376183 0.0262758
0 0.715341 0.548069 0.0401476 0.019944
0 0.791134 0.852077 0.03579 0.0304729
0 0.384864 0.980597 0.0342083 0.0261133
0 0.35764 0.980041 0.0290719 0.0295506
2 0.787132 0.910806 0.0314041 0.02584
0 0.679272 0.821243 0.0262856 0.0259335
0 0.0242357 0.79327 0.0344214 0.024784
0 0.0190026 0.941145 0.0309639 0.0270683
0 0.59494 0.69376 0.0290833 0.0375121
0 0.985983 0.172878 0.02766 0.0305777
0 0.652452 0.816076 0.0349163 0.02071
2 0.856589 0.119441 0.0295397 0.0342732
0 0.855875 0.119474 0.0320559 0.036403
2 0.646323 0.663972 0.0255894 0.0269781
0 0.671542 0.47757 0.0623869 0.0553525
0 0.594871 0.551411 0.0429447 0.0328417
0 0.673253 0.539939 0.0538363 0.0828048
0 0.987862 0.49262 0.0242762 0.0085659
0 0.984176 0.798459 0.0315697 0.0389194
0 0.988786 0.79761 0.02216 0.0356342
0 0.645481 0.663863 0.0276562 0.0286791
0 0.1495 0.0162928 0.0949466 0.0319872
0 0.659233 0.816709 0.049593 0.0232914
