0 0.0560326 0.53411 0.0325735 0.0468327
0 0.022046 0.708757 0.0440919 0.0283129
0 0.631666 0.25626 0.0455411 0.0339302
0 0.539325 0.49868 0.0376135 0.055123
0 0.295443 0.948932 0.0305203 0.0410728
0 0.283386 0.0797186 0.029954 0.0470397
0 0.85551 0.848898 0.0463882 0.0427597
0 0.146302 0.869794 0.0287741 0.049762
0 0.540991 0.308688 0.0416605 0.0553001
0 0.185573 0.244859 0.0314889 0.0376383
0 0.0163009 0.128983 0.0298155 0.053956
0 0.166895 0.710106 0.0484114 0.0331848
0 0.679733 0.776284 0.034025 0.0424694
0 0.436875 0.197367 0.0388794 0.0539669
0 0.416674 0.581822 0.0550472 0.0422005
0 0.950207 0.557815 0.0410736 0.0452795
0 0.0320513 0.819162 0.0392077 0.0244308
0 0.598022 0.707492 0.0446072 0.0503189
0 0.0702812 0.289244 0.0538068 0.0283041
0 0.910349 0.330493 0.035372 0.0538248
0 0.0719922 0.120629 0.0317997 0.0407241
0 0.883095 0.382823 0.0393442 0.0378714
0 0.115112 0.181125 0.0435079 0.0283231
0 0.0654479 0.408518 0.0415782 0.0358081
0 0.745953 0.775425 0.0340396 0.0270263
0 0.936889 0.986375 0.0246487 0.0265089
0 0.352065 0.139451 0.0367846 0.0618164
0 0.861934 0.430482 0.0506348 0.0236539
0 0.078056 0.20902 0.052117 0.0367766
0 0.0863585 0.038917 0.0387182 0.0334162
0 0.850231 0.600763 0.0273994 0.0409865
0 0.0549635 0.152389 0.0269317 0.0543597
0 0.701736 0.374137 0.0347299 0.0329073
0 0.0463917 0.260726 0.0248328 0.0243999
0 0.214293 0.913704 0.0508568 0.0288139
0 0.774128 0.479753 0.030374 0.0206226
0 0.489886 0.631646 0.0715338 0.0413202
0 0.0356965 0.0410933 0.0353186 0.0677127
0 0.691055 0.546021 0.0509104 0.0619612
0 0.80137 0.49807 0.0232393 0.0274179
0 0.394446 0.014181 0.0269457 0.0282537
0 0.714195 0.428675 0.02497 0.0293215
3 0.0989985 0.933931 0.0217485 0.0388123
0 0.111959 0.979788 0.0268926 0.0229012
0 0.839689 0.445286 0.0525122 0.0252625
0 0.929839 0.931638 0.0296547 0.0347103
0 0.814607 0.291489 0.0295753 0.0279093
0 0.801276 0.491089 0.0237916 0.0145475
0 0.0277715 0.327069 0.0271185 0.0247989
0 0.990387 0.428149 0.0184795 0.0207432
0 0.750731 0.610944 0.0299315 0.0422117
0 0.717031 0.670855 0.0399761 0.0217206
0 0.666873 0.573782 0.0266278 0.0288878
0 0.743064 0.656855 0.0383703 0.0237307
0 0.234999 0.966584 0.0284971 0.0179485
0 0.210772 0.0171353 0.0433711 0.0338254
0 0.765152 0.456448 0.0196887 0.0227317
0 0.097276 0.0669609 0.0369159 0.0292714
0 0.202031 0.929677 0.028812 0.0191658
0 0.806482 0.458671 0.0361477 0.0339373
0 0.71635 0.631329 0.0526709 0.0290003
0 0.177081 0.0186792 0.0519655 0.0343283
0 0.191264 0.0179602 0.080011 0.0353928
0 0.129571 0.0450607 0.0223136 0.0228736
0 0.120335 0.0206715 0.0340891 0.0379889
0 0.795875 0.560026 0.0160732 0.0164898
0 0.24095 0.939675 0.0238317 0.0228416
0 0.771688 0.456786 0.0316425 0.0278345
0 0.00578782 0.0329391 0.0115756 0.0321996
0 0.121403 0.00839289 0.0309572 0.0167593
0 0.24322 0.942798 0.0198758 0.0172749
0 0.850108 0.438503 0.0727345 0.0362288
0 0.0280766 0.0402871 0.05206 0.0747754
0 0.687993 0.552928 0.0603695 0.0759909
0 0.858657 0.497971 0.0353107 0.028223
