0 0.149394 0.438722 0.0352469 0.0582468
0 0.811761 0.541592 0.0384525 0.052937
0 0.119602 0.915846 0.0318862 0.05201
0 0.0308671 0.757925 0.0516456 0.0431175
0 0.189849 0.362373 0.0339406 0.0525525
2 0.725648 0.790608 0.0944605 0.120036
0 0.355882 0.539649 0.033653 0.0471775
0 0.715244 0.350903 0.0269789 0.0584816
0 0.95727 0.917826 0.0437813 0.0653568
0 0.272347 0.044321 0.0312157 0.047691
0 0.53409 0.220649 0.0439354 0.0381302
0 0.201372 0.798023 0.0344375 0.049962
0 0.526791 0.556542 0.0304865 0.0425636
2 0.86235 0.942547 0.0231571 0.0350452
0 0.155363 0.838742 0.0354825 0.0334744
0 0.478642 0.247926 0.0589573 0.0319819
0 0.760622 0.0298344 0.0342396 0.059206
0 0.618579 0.449962 0.0308277 0.032777
0 0.255529 0.824375 0.0426174 0.0348885
0 0.619658 0.792504 0.0642006 0.068187
0 0.987535 0.105541 0.024929 0.036848
0 0.0783548 0.789697 0.0388364 0.0328505
0 0.826242 0.156384 0.0305456 0.0450029
0 0.421123 0.352997 0.049948 0.0359559
3 0.974668 0.734197 0.0491493 0.0447682
0 0.505734 0.11249 0.0253063 0.0521327
0 0.107446 0.521063 0.0391044 0.045211
3 0.845675 0.730917 0.0339134 0.0423507
0 0.427542 0.248548 0.0281898 0.050243
0 0.622279 0.649468 0.0311488 0.0441039
0 0.82812 0.44724 0.0264589 0.0367958
0 0.428942 0.108233 0.0372252 0.0726113
0 0.704043 0.431263 0.0773184 0.0546373
2 0.323287 0.439724 0.032547 0.0346497
0 0.236805 0.455214 0.0408106 0.0392107
2 0.360832 0.624681 0.0337511 0.0259264
0 0.451998 0.378056 0.0410192 0.0377166
0 0.77691 0.299938 0.0273052 0.0539374
0 0.796189 0.301251 0.0541491 0.0545017
0 0.258388 0.902776 0.0369965 0.0368401
3 0.988433 0.918531 0.0218563 0.018325
0 0.505583 0.942192 0.0206493 0.0227371
0 0.836062 0.666846 0.0363564 0.0305323
0 0.810484 0.300898 0.025745 0.0512524
0 0.492046 0.384411 0.0230121 0.0338669
3 0.950922 0.620878 0.0414106 0.0183867
0 0.957433 0.0210974 0.0172087 0.0322416
0 0.86576 0.644602 0.0417809 0.0334297
0 0.898953 0.316106 0.0281185 0.0262701
2 0.899072 0.315546 0.0273144 0.0252879
0 0.986045 0.0704961 0.0265957 0.0297871
2 0.929864 0.0651897 0.0253738 0.0206297
0 0.733105 0.849006 0.0373896 0.0242954
0 0.938091 0.32614 0.0250294 0.025184
2 0.0349751 0.308725 0.0255163 0.0279067
