0 0.373175 0.0926883 0.030877 0.0393222
0 0.974512 0.737532 0.0360046 0.0460778
0 0.341252 0.14387 0.0364251 0.0293423
0 0.156493 0.098161 0.0362472 0.0315873
0 0.223928 0.871881 0.0281091 0.0430218
0 0.263701 0.0410221 0.0287622 0.0375469
2 0.145932 0.159163 0.0269886 0.0239294
0 0.0627831 0.272744 0.0306814 0.0242402
0 0.318922 0.123115 0.0267262 0.039354
0 0.0940722 0.22448 0.0237973 0.0408531
0 0.191357 0.29678 0.0365807 0.0534765
4 0.479412 0.229866 0.0267506 0.0270071
0 0.209869 0.89199 0.0291952 0.037904
0 0.232892 0.208266 0.0332459 0.0317822
0 0.284126 0.193151 0.0330004 0.0317428
0 0.992142 0.284905 0.0152853 0.0410718
0 0.185601 0.00813214 0.0275181 0.0160607
4 0.527144 0.485813 0.0353016 0.0307579
2 0.355801 0.741342 0.0410886 0.0350176
0 0.226395 0.919151 0.0272573 0.023951
0 0.865774 0.866826 0.0414497 0.022611
2 0.567132 0.00853518 0.0241449 0.0168408
4 0.865354 0.866754 0.0416828 0.0218361
0 0.291482 0.0829252 0.0174888 0.0191775
