0 0.933101 0.277672 0.0368053 0.041314
0 0.663948 0.401314 0.0800562 0.0728459
0 0.870083 0.0991089 0.0230125 0.0570399
0 0.198893 0.143806 0.0447434 0.037335
0 0.445472 0.293438 0.0606414 0.0303877
3 0.717176 0.0312894 0.0289909 0.0284777
0 0.237009 0.286265 0.0279721 0.0308596
3 0.867298 0.181286 0.0456722 0.0255705
0 0.15043 0.0489922 0.0429459 0.0344363
0 0.875233 0.936209 0.0255901 0.0562828
0 0.589991 0.170736 0.0326124 0.0517559
0 0.446431 0.430196 0.0360395 0.052401
3 0.707707 0.0699745 0.0225096 0.0298158
0 0.121031 0.224317 0.0395388 0.0323127
0 0.746652 0.952386 0.0285674 0.058625
3 0.763143 0.153634 0.0514039 0.0220372
0 0.842862 0.0246943 0.0281338 0.0493887
0 0.483551 0.632219 0.0352949 0.0430483
2 0.351941 0.322113 0.0247508 0.0223665
0 0.324386 0.249298 0.0484761 0.0240151
3 0.890756 0.0722048 0.020153 0.0128537
0 0.11072 0.149716 0.0488088 0.0401757
3 0.993327 0.143978 0.0131897 0.0294334
0 0.970692 0.0727939 0.0304398 0.0283998
0 0.900792 0.843756 0.027142 0.0532188
0 0.783556 0.982235 0.0384905 0.0350666
3 0.925441 0.184344 0.0418064 0.0452252
0 0.217423 0.247079 0.0269652 0.0242878
0 0.916025 0.0151732 0.0314705 0.0299293
0 0.74092 0.348741 0.0317107 0.0304735
3 0.497516 0.101674 0.0141191 0.0205118
2 0.610539 0.403125 0.0198812 0.020988
0 0.985574 0.735166 0.028339 0.0321858
0 0.939829 0.75523 0.0531813 0.0517419
0 0.790102 0.292092 0.0649605 0.0732171
0 0.443874 0.96781 0.0402764 0.039476
0 0.764741 0.956764 0.0754223 0.081971
3 0.946854 0.214243 0.0360008 0.0298505
0 0.777007 0.440115 0.0306131 0.0365767
0 0.614623 0.292977 0.0404455 0.0201283
0 0.310765 0.987915 0.0353714 0.0237204
3 0.969118 0.229136 0.0264355 0.023346
0 0.555157 0.410453 0.0440831 0.0362759
0 0.381892 0.158837 0.0232247 0.0243144
0 0.0386058 0.811131 0.04941 0.0342176
0 0.750958 0.846556 0.0270359 0.0360769
0 0.685252 0.497426 0.0293518 0.0340109
0 0.67873 0.704407 0.0287618 0.036253
0 0.17172 0.615974 0.0383826 0.027907
2 0.488957 0.231698 0.0373755 0.048532
0 0.73302 0.887061 0.0361554 0.0332642
0 0.010078 0.978562 0.0201456 0.0298853
2 0.273869 0.484572 0.0326714 0.0285967
3 0.870382 0.0984123 0.0228151 0.0583888
0 0.896465 0.622141 0.0326725 0.0285242
3 0.858195 0.276446 0.0202179 0.0219036
2 0.678181 0.703994 0.0288443 0.0369802
0 0.984069 0.681924 0.0316652 0.0496513
0 0.273522 0.48472 0.0338888 0.0303524
3 0.514989 0.300696 0.0227763 0.0217937
0 0.0747789 0.639625 0.0417517 0.030586
0 0.381618 0.623094 0.0276865 0.03369
0 0.763808 0.122415 0.0248161 0.0329839
0 0.989784 0.0641382 0.0200506 0.0495761
0 0.9929 0.145715 0.0141994 0.0332757
0 0.993898 0.107828 0.0120415 0.0335829
0 0.00806692 0.280508 0.0161338 0.0613546
0 0.48861 0.231797 0.0385792 0.0489228
2 0.57503 0.441131 0.0188711 0.0243125
0 0.0393984 0.839283 0.0360362 0.0324656
0 0.574902 0.443237 0.0202868 0.0286479
0 0.785558 0.941834 0.0293045 0.0476704
0 0.938982 0.00655422 0.0211121 0.0131084
0 0.992819 0.682244 0.014325 0.0470406
2 0.896419 0.622365 0.0328915 0.0291529
