0 0.138446 0.684465 0.0432874 0.0570648
0 0.130166 0.43285 0.062716 0.0325109
0 0.788094 0.307756 0.0336399 0.0500899
0 0.593362 0.231713 0.0595642 0.0537749
0 0.0515135 0.299684 0.0493154 0.0435606
0 0.33384 0.980921 0.0340881 0.0381588
0 0.22885 0.759758 0.0581001 0.0414581
0 0.637755 0.32172 0.0327045 0.0655702
0 0.759002 0.858959 0.0583069 0.0428883
0 0.919727 0.180603 0.0568256 0.0543065
0 0.494045 0.853787 0.0250986 0.0401266
0 0.141139 0.940483 0.0605545 0.0651321
0 0.171274 0.517991 0.0368396 0.0544271
0 0.973741 0.979728 0.050386 0.0335869
0 0.0723329 0.545404 0.0345528 0.0596062
0 0.204491 0.605847 0.0476689 0.0560102
0 0.12923 0.0614779 0.0291435 0.036061
0 0.145533 0.36128 0.0445236 0.0845741
0 0.318079 0.874874 0.0408456 0.0286846
0 0.688381 0.121222 0.0601635 0.0360039
0 0.175902 0.809908 0.0343927 0.0436768
0 0.416545 0.837705 0.0480913 0.0265003
0 0.528348 0.388598 0.0334854 0.0528391
0 0.284394 0.587839 0.0525155 0.0388227
0 0.622526 0.0166945 0.0484274 0.0331273
0 0.529507 0.256072 0.0549797 0.0410195
0 0.469677 0.0520748 0.0343741 0.0407534
0 0.460182 0.964947 0.0341028 0.0505405
3 0.142415 0.889808 0.0426001 0.0300446
0 0.709251 0.461926 0.0266979 0.0274496
0 0.345185 0.0514185 0.0275305 0.0472935
0 0.0214272 0.101292 0.0365437 0.0436592
0 0.990664 0.335879 0.0182549 0.0329297
3 0.0674505 0.87163 0.0305399 0.0251804
0 0.0225708 0.976864 0.0323633 0.0405863
0 0.716405 0.429273 0.0258162 0.0391603
0 0.25064 0.0167526 0.0263114 0.033237
0 0.218268 0.0547446 0.0454176 0.055299
0 0.960645 0.254974 0.0353752 0.0423339
0 0.678059 0.473366 0.027544 0.0324757
0 0.594728 0.45553 0.0219237 0.0410744
0 0.577242 0.451624 0.0486444 0.0500664
0 0.108269 0.755723 0.0218248 0.0367697
2 0.00808086 0.570023 0.0161208 0.0335487
0 0.570231 0.451334 0.0238697 0.0469166
2 0.95979 0.255106 0.0323555 0.0413311
0 0.226143 0.0123096 0.0194754 0.0245244
0 0.00816253 0.569619 0.0163251 0.0335846
0 0.00903776 0.812905 0.0180755 0.0394676
0 0.134417 0.114265 0.0452918 0.0669176
0 0.587164 0.454982 0.0376463 0.0441776
