1 0.349266 0.570339 0.0346813 0.054546
1 0.400015 0.642357 0.0462177 0.0393341
1 0.383174 0.529999 0.0358906 0.0372675
1 0.481362 0.477376 0.032725 0.057324
1 0.432511 0.512153 0.0289547 0.0461098
1 0.400382 0.425091 0.0263883 0.0481144
1 0.430166 0.593934 0.0296478 0.0466766
1 0.353978 0.435839 0.0450789 0.0370929
1 0.38708 0.570432 0.0357941 0.0299646
1 0.34221 0.613419 0.0348104 0.0238229
1 0.123684 0.0163134 0.0244198 0.032436
1 0.338459 0.374187 0.0473283 0.0288088
1 0.229205 0.0139541 0.0321525 0.0278334
0 0.961451 0.750111 0.0679226 0.0291582
1 0.300481 0.499681 0.0429656 0.0246473
1 0.538695 0.60361 0.0389704 0.0258103
1 0.742112 0.6738 0.0335501 0.0332017
1 0.419513 0.401676 0.0383216 0.0281762
1 0.665786 0.602312 0.0327007 0.0252258
1 0.169617 0.145535 0.03215 0.0397564
1 0.946707 0.805749 0.0358751 0.0309217
1 0.521398 0.363122 0.0347814 0.0290537
2 0.958003 0.485458 0.0360781 0.0349953
1 0.659076 0.539172 0.0391843 0.0268738
0 0.957982 0.486303 0.037141 0.0372635
2 0.401295 0.290926 0.0318851 0.0402259
2 0.659131 0.539205 0.0392134 0.027046
