0 0.0334517 0.433387 0.0520489 0.0281479
0 0.328445 0.466871 0.0360336 0.0513292
0 0.7474 0.212263 0.0371124 0.0542206
0 0.674828 0.753326 0.0437437 0.0444337
0 0.603077 0.0992936 0.0523518 0.0595649
0 0.179656 0.93121 0.0594165 0.0338457
0 0.350963 0.573267 0.0484629 0.0347199
0 0.95723 0.224076 0.0421646 0.0511332
0 0.204341 0.86358 0.0484807 0.0360428
0 0.267355 0.802706 0.0542682 0.0342234
0 0.141488 0.489524 0.0407336 0.045883
0 0.992008 0.114666 0.0156315 0.0359012
0 0.620103 0.935305 0.0379951 0.0406487
0 0.59033 0.248705 0.0310955 0.0439324
0 0.904853 0.112368 0.0328156 0.0359879
0 0.76684 0.600816 0.0622776 0.0290495
0 0.804198 0.714892 0.0513229 0.0330942
0 0.0912334 0.0248479 0.0743386 0.0306391
0 0.566751 0.406172 0.04248 0.0372403
0 0.529131 0.125933 0.0366577 0.0394058
0 0.539267 0.951167 0.0293864 0.048291
0 0.793634 0.505552 0.0444328 0.0308006
0 0.752411 0.0199822 0.0406486 0.0316382
0 0.725692 0.404325 0.055871 0.0329264
0 0.817016 0.318736 0.0447573 0.0339144
0 0.268048 0.96837 0.0364571 0.0323463
0 0.251086 0.387126 0.0438908 0.0293836
0 0.48565 0.0952278 0.0258846 0.035828
0 0.65845 0.839019 0.0503265 0.0396713
0 0.526264 0.527319 0.0519909 0.0365107
0 0.479185 0.150588 0.0379375 0.0363365
0 0.308204 0.149582 0.0308559 0.0358253
0 0.573519 0.0365064 0.0572689 0.032208
0 0.970564 0.717932 0.040823 0.0374758
0 0.180298 0.721146 0.0319015 0.0383457
0 0.902979 0.829261 0.0355621 0.031234
0 0.428362 0.307045 0.0455736 0.0351442
0 0.6041 0.718109 0.0384524 0.0354959
0 0.633394 0.0151126 0.0278217 0.0295305
0 0.593588 0.71015 0.0580153 0.0515369
0 0.558352 0.631339 0.0328419 0.0369162
0 0.661486 0.492886 0.033182 0.0387583
0 0.928577 0.505454 0.0408489 0.0317742
0 0.807586 0.811977 0.0348906 0.0336346
0 0.35179 0.0367286 0.0945832 0.048456
0 0.37635 0.0297599 0.0472208 0.0405547
0 0.441551 0.557375 0.0391466 0.0289357
0 0.598826 0.715739 0.0479626 0.0406277
0 0.342122 0.040913 0.0728292 0.0410848
2 0.441444 0.557092 0.037964 0.0291553
0 0.261322 0.803955 0.0413088 0.0314596
2 0.661905 0.492746 0.0323427 0.0378155
