0 0.409228 0.726249 0.0583111 0.0270368
0 0.337588 0.36246 0.0537857 0.0437332
0 0.324862 0.668475 0.0409955 0.0500217
0 0.734812 0.818447 0.0482126 0.0239147
0 0.793354 0.674208 0.0445435 0.0582656
0 0.639987 0.100585 0.0587832 0.0511268
0 0.496887 0.138838 0.0297997 0.0609944
0 0.379799 0.462336 0.0390288 0.0474971
0 0.0305295 0.500462 0.061059 0.0391284
0 0.379915 0.59582 0.0540709 0.0490343
0 0.548269 0.700782 0.062076 0.0320325
0 0.77238 0.441524 0.0346972 0.0327288
0 0.892128 0.712202 0.0460403 0.0458323
0 0.688851 0.0337994 0.030834 0.0375845
0 0.147233 0.196907 0.0350019 0.0573006
0 0.553603 0.401448 0.0552992 0.0470286
0 0.338082 0.111551 0.0327984 0.0533527
0 0.539518 0.486966 0.0363179 0.0511621
0 0.354477 0.808907 0.0617595 0.033345
0 0.577705 0.205319 0.0326269 0.0543307
0 0.864856 0.223866 0.0506248 0.0284664
0 0.247187 0.595582 0.093898 0.118406
0 0.918253 0.138216 0.0346418 0.0407456
0 0.685381 0.209041 0.0402579 0.0473599
0 0.913601 0.5121 0.045282 0.0511284
0 0.504287 0.638847 0.0541744 0.0283887
0 0.777924 0.868172 0.0321916 0.0304569
0 0.570687 0.98977 0.0470581 0.0202541
0 0.414226 0.220813 0.0297528 0.0586811
0 0.0469097 0.147501 0.0579975 0.0496405
0 0.738936 0.84643 0.0413548 0.0193291
0 0.657304 0.270114 0.0313564 0.0583343
0 0.806244 0.536869 0.0558302 0.0517063
0 0.230056 0.934028 0.0396336 0.0311527
0 0.0745232 0.0194412 0.0510468 0.0386266
0 0.85031 0.964127 0.0345333 0.0350267
0 0.972565 0.828026 0.026652 0.0390142
0 0.898989 0.301402 0.064748 0.0350352
0 0.675153 0.549755 0.0532289 0.0598974
0 0.93026 0.400393 0.0325596 0.0406519
0 0.640827 0.793465 0.0304441 0.0372721
0 0.148487 0.626959 0.0539237 0.0317352
0 0.554782 0.937389 0.0279091 0.0388891
0 0.802001 0.0467797 0.0304138 0.0449864
0 0.458995 0.484867 0.0558773 0.0318892
0 0.979728 0.511961 0.0283279 0.0468098
0 0.448376 0.95846 0.0296628 0.0387226
0 0.568609 0.964876 0.0435835 0.0216351
0 0.711062 0.296012 0.0302056 0.0377584
0 0.738294 0.284633 0.029738 0.0349295
0 0.25649 0.204335 0.0422488 0.0439572
0 0.528963 0.968722 0.0401859 0.0303993
0 0.470845 0.317254 0.0303862 0.0373275
0 0.704863 0.45381 0.0446457 0.0323454
0 0.735359 0.883117 0.0244955 0.0375923
0 0.858843 0.490192 0.0399975 0.0918024
0 0.681747 0.498232 0.0654774 0.0422211
0 0.622897 0.559843 0.0446886 0.0359613
0 0.519375 0.124311 0.0338802 0.0493814
0 0.0585887 0.70149 0.0333954 0.0362461
0 0.222902 0.818454 0.0333491 0.0327942
0 0.700096 0.748975 0.0295242 0.0294668
0 0.316114 0.268547 0.0296826 0.0316235
2 0.354053 0.907591 0.035804 0.0365498
0 0.604529 0.605298 0.0445217 0.0379942
0 0.798002 0.475807 0.0440287 0.024569
0 0.625552 0.586207 0.0470127 0.0256428
0 0.97515 0.131769 0.0497 0.0749654
0 0.874976 0.814111 0.0334896 0.0344387
0 0.122014 0.0934676 0.0379237 0.0262463
0 0.354429 0.907496 0.0375117 0.0373264
0 0.785616 0.478821 0.0675119 0.0324366
0 0.111203 0.122391 0.0458351 0.0377764
0 0.339176 0.0253731 0.0562175 0.0401874
0 0.863046 0.46687 0.0287521 0.0469889
2 0.185101 0.264609 0.0305254 0.0318873
2 0.0584471 0.701306 0.0330962 0.035612
2 0.874818 0.81444 0.0338234 0.034004
0 0.773643 0.479328 0.0439755 0.0340784
3 0.380683 0.960213 0.0378634 0.0169231
0 0.975451 0.11605 0.0480055 0.0434735
3 0.764936 0.0072351 0.0243733 0.0144674
0 0.00397288 0.604769 0.00794576 0.0272168
0 0.604173 0.610237 0.043643 0.025943
2 0.802334 0.0463543 0.0298721 0.0431441
2 0.223492 0.817924 0.0316497 0.0318649
0 0.38836 0.209937 0.0340308 0.0333051
0 0.400759 0.220568 0.0570273 0.0570366
