0 0.575928 0.601022 0.0268774 0.0318159
3 0.1485 0.748995 0.0532873 0.030832
0 0.335792 0.718883 0.0651406 0.0392366
2 0.0936803 0.306053 0.0320685 0.0262427
0 0.295474 0.148872 0.0305936 0.0411858
0 0.855468 0.0486169 0.0467342 0.0428772
0 0.182793 0.631803 0.0581972 0.0424011
0 0.146387 0.0697222 0.0283328 0.0497489
0 0.67349 0.430298 0.05275 0.0270956
0 0.256239 0.230956 0.0375972 0.0565522
0 0.678493 0.575443 0.0464375 0.0340018
0 0.330909 0.396684 0.0336636 0.0546503
0 0.577036 0.557637 0.0280979 0.0310169
0 0.279258 0.608943 0.0483714 0.0280485
0 0.494023 0.67524 0.040222 0.0329163
3 0.11097 0.732558 0.0300811 0.0404768
0 0.82455 0.908588 0.049485 0.0326956
0 0.393196 0.319624 0.0579792 0.0276285
0 0.410298 0.939469 0.055697 0.0282227
0 0.93685 0.190551 0.0296545 0.0361737
0 0.977953 0.366213 0.0440934 0.0330013
3 0.139198 0.808809 0.0462287 0.023415
0 0.822685 0.623024 0.0638605 0.0340833
0 0.301574 0.93733 0.0379207 0.0470108
0 0.973231 0.802238 0.035619 0.0360617
0 0.0318035 0.0198871 0.0377456 0.0227852
0 0.533146 0.97529 0.0550507 0.0422291
2 0.882596 0.685287 0.028281 0.0291096
0 0.555451 0.474838 0.0275562 0.0256895
3 0.0315265 0.735271 0.0372501 0.0223633
0 0.532631 0.506572 0.027048 0.0423903
0 0.929747 0.859643 0.0562626 0.0748127
0 0.286215 0.821491 0.0252736 0.030957
0 0.63866 0.46129 0.0413017 0.0333113
3 0.0310632 0.482998 0.0462821 0.0249378
0 0.323925 0.984466 0.0490752 0.0305082
0 0.622629 0.40103 0.0291758 0.023525
0 0.356035 0.95952 0.0340385 0.0272837
0 0.669721 0.610964 0.0352211 0.02693
0 0.111623 0.179986 0.0286473 0.0228397
0 0.877977 0.867765 0.0378105 0.0375561
2 0.81987 0.275823 0.0267712 0.0283778
0 0.214427 0.113695 0.0503588 0.0292794
0 0.394241 0.902756 0.0319031 0.0425488
1 0.0213333 0.559849 0.0426665 0.0358374
0 0.929933 0.131626 0.0299353 0.0346215
0 0.335345 0.818933 0.0269916 0.0256365
0 0.835514 0.865654 0.0296337 0.0314827
3 0.098907 0.133979 0.0219372 0.0388607
3 0.0696566 0.4098 0.0341003 0.0277349
0 0.143018 0.561887 0.0242568 0.0303444
2 0.065325 0.685861 0.0360735 0.02875
0 0.591755 0.992597 0.0593582 0.0148064
0 0.819988 0.276894 0.0272751 0.0301555
0 0.201946 0.129574 0.0285378 0.0194188
0 0.319839 0.854312 0.0274941 0.0250408
0 0.235007 0.166665 0.028501 0.0185037
0 0.465748 0.516229 0.0289897 0.0277353
0 0.782029 0.840656 0.0277168 0.0367802
2 0.382375 0.505605 0.0279702 0.0283605
0 0.0650767 0.687361 0.0381202 0.0292545
0 0.743588 0.468423 0.0336742 0.0220238
0 0.240769 0.138877 0.0246917 0.0243209
0 0.932408 0.87811 0.0378559 0.0404881
