0 0.477916 0.833177 0.0349861 0.0479637
0 0.762938 0.209335 0.0491543 0.0290802
0 0.647774 0.832782 0.0383697 0.0310505
0 0.692081 0.0180366 0.0490639 0.0331321
0 0.788732 0.0522138 0.0300141 0.0260268
0 0.719857 0.158181 0.0554209 0.0250571
2 0.0391609 0.547988 0.0322522 0.0237935
2 0.697514 0.138925 0.0243649 0.0210698
0 0.882935 0.111722 0.0265461 0.0269712
0 0.826763 0.0328113 0.028706 0.0244169
0 0.779184 0.00706123 0.0356942 0.0141225
2 0.686946 0.119834 0.0237663 0.0209999
0 0.783058 0.0855312 0.0354754 0.0285317
0 0.97044 0.465234 0.0173576 0.0179869
