0 0.265746 0.560658 0.0205465 0.0479095
0 0.505571 0.0856997 0.0368675 0.042092
0 0.423054 0.562759 0.0336741 0.0273558
0 0.81516 0.0684555 0.0164309 0.0335641
0 0.935733 0.105478 0.0205816 0.0353212
0 0.915273 0.122142 0.018668 0.0530918
0 0.652241 0.0316377 0.0280415 0.0337771
0 0.257266 0.458064 0.0216423 0.0310757
0 0.958654 0.684182 0.0306654 0.0353673
0 0.98249 0.438947 0.0286465 0.0306707
0 0.696542 0.373155 0.0294749 0.0320257
0 0.365029 0.311193 0.0201452 0.044661
0 0.172444 0.701088 0.0211197 0.0393805
0 0.479538 0.519506 0.0341026 0.0266555
0 0.53531 0.454129 0.0256916 0.0482998
0 0.98672 0.55637 0.0261234 0.0281754
0 0.237067 0.545297 0.0194391 0.0450609
0 0.367968 0.247451 0.0181099 0.0467115
0 0.40778 0.538034 0.0202965 0.0382631
0 0.96523 0.725459 0.0259356 0.0344845
0 0.359729 0.0980369 0.0228542 0.0243278
0 0.368793 0.0693299 0.0515453 0.0241934
0 0.97483 0.0679167 0.0193405 0.0342459
0 0.90872 0.592844 0.0282585 0.0457907
0 0.650987 0.244642 0.0296111 0.0363194
0 0.35185 0.262645 0.018628 0.0349026
0 0.968553 0.0170195 0.018635 0.0204974
0 0.280238 0.773101 0.0261726 0.0337523
0 0.79997 0.0925429 0.033688 0.0261245
0 0.450998 0.757393 0.0341129 0.0248814
0 0.499659 0.195196 0.0220436 0.0392838
0 0.389843 0.582007 0.0368635 0.0239738
0 0.27963 0.45393 0.0166406 0.0286787
0 0.0350756 0.251134 0.0226533 0.0250494
0 0.454355 0.503103 0.0333095 0.0249577
0 0.518595 0.201941 0.0570787 0.0565771
0 0.520451 0.189673 0.0180702 0.0364624
0 0.775934 0.0579133 0.0229609 0.0224768
0 0.610493 0.0545713 0.0262592 0.0246317
0 0.959175 0.773577 0.0189896 0.0299408
0 0.21198 0.530312 0.0258649 0.022359
0 0.297666 0.549471 0.0271959 0.0192886
0 0.537949 0.52509 0.0316734 0.034328
0 0.274791 0.479865 0.0200158 0.0243311
0 0.773115 0.0585213 0.0162397 0.0211149
0 0.315121 0.477553 0.021543 0.0392115
0 0.303715 0.57614 0.0196122 0.0256098
0 0.597163 0.256118 0.0136673 0.0322153
0 0.324298 0.56323 0.0324175 0.0272499
0 0.810144 0.301374 0.021121 0.0192871
0 0.289491 0.728714 0.0247239 0.033033
2 0.450494 0.757131 0.0331289 0.0252123
0 0.555716 0.536371 0.0188727 0.0362225
0 0.267289 0.740689 0.0200161 0.0348763
0 0.988142 0.043354 0.0226816 0.0166428
0 0.571281 0.526297 0.0256816 0.0278093
0 0.255385 0.480494 0.016098 0.0232025
0 0.944685 0.0447186 0.0208324 0.0193678
2 0.898135 0.753495 0.0278311 0.0318198
0 0.97831 0.768686 0.020212 0.0253683
2 0.0350297 0.251194 0.0223094 0.0249112
0 0.244821 0.576826 0.0190886 0.024728
0 0.245412 0.570936 0.0185253 0.0353113
2 0.983113 0.842335 0.0249107 0.0276039
