4 0.769757 0.819652 0.0236082 0.0184822
0 0.355556 0.697337 0.0245641 0.0342042
4 0.722427 0.758522 0.0167162 0.0276975
0 0.844203 0.390805 0.0195309 0.0330554
0 0.478857 0.544552 0.0216603 0.0379275
0 0.815281 0.421931 0.0370155 0.0214931
0 0.931527 0.370698 0.0215378 0.0283381
0 0.652161 0.658203 0.0241514 0.0410486
0 0.377229 0.587171 0.0419367 0.0236374
0 0.927584 0.445285 0.0202656 0.0376862
0 0.173823 0.416391 0.0275494 0.0308668
0 0.0867356 0.707882 0.0258205 0.0297788
0 0.434356 0.665151 0.0241694 0.0330218
0 0.401017 0.3775 0.019733 0.0320502
0 0.892521 0.348184 0.0274078 0.0238969
0 0.903032 0.379355 0.0212032 0.0312792
0 0.567255 0.754862 0.0303099 0.0330252
0 0.881674 0.374946 0.0233442 0.0276178
0 0.76718 0.543553 0.0341571 0.0254896
0 0.732394 0.391791 0.0289854 0.0236849
0 0.67226 0.714902 0.0206415 0.032835
0 0.668345 0.565452 0.0284735 0.0304534
0 0.9583 0.872726 0.0263353 0.0253248
0 0.966898 0.840853 0.0277109 0.0228699
0 0.490711 0.436537 0.0366032 0.0255606
0 0.573739 0.423085 0.0392937 0.0285538
0 0.648978 0.614916 0.0414162 0.0311541
0 0.43082 0.426805 0.0287682 0.0216504
0 0.835842 0.474627 0.0237686 0.0245187
0 0.520507 0.630738 0.0441811 0.0404642
2 0.989747 0.974643 0.0190487 0.0273575
0 0.775889 0.650003 0.0443124 0.0229604
0 0.110816 0.601636 0.0483296 0.0260551
2 0.712935 0.0211486 0.0285148 0.0276402
2 0.411723 0.0148531 0.0218531 0.027532
0 0.402846 0.671413 0.0297323 0.0301115
0 0.544266 0.877026 0.0329485 0.0339472
3 0.0842133 0.0311909 0.028153 0.017494
0 0.572113 0.135342 0.0320419 0.0333606
2 0.889644 0.164479 0.0249256 0.0229708
4 0.252814 0.980061 0.0375626 0.0233727
0 0.838268 0.581642 0.0405548 0.0248322
0 0.0610504 0.89602 0.0278473 0.0271688
0 0.332685 0.554874 0.0293065 0.0285493
0 0.643832 0.258207 0.0249856 0.0481737
2 0.200539 0.0645802 0.0330451 0.0273717
0 0.862764 0.495968 0.0228127 0.0276018
0 0.124344 0.165126 0.029847 0.0376524
0 0.988633 0.876993 0.0210327 0.0219032
0 0.879426 0.467825 0.0161591 0.0265127
0 0.272434 0.900155 0.0290659 0.03027
3 0.586924 0.0262825 0.0169476 0.020627
0 0.342151 0.521884 0.0233793 0.0257505
1 0.851216 0.742513 0.023176 0.0293173
2 0.272324 0.900275 0.0291204 0.0299255
0 0.41316 0.413565 0.0260231 0.0255213
3 0.105334 0.0108786 0.0427319 0.0217469
3 0.601346 0.0585103 0.0273798 0.018725
2 0.236684 0.145586 0.0351818 0.0246502
4 0.786611 0.870433 0.0239407 0.0259705
4 0.770842 0.19339 0.0279553 0.0226099
2 0.90236 0.786262 0.0252676 0.0267214
1 0.918564 0.811455 0.0278 0.0269588
3 0.513091 0.0329403 0.0159292 0.0157857
2 0.91853 0.811038 0.0280544 0.0272457
