3 0.419518 0.866321 0.017327 0.0197044
0 0.766201 0.919967 0.0322092 0.0438301
0 0.228913 0.959148 0.0311891 0.0484932
0 0.940202 0.027286 0.0507145 0.034547
0 0.59372 0.955572 0.0338213 0.0397949
0 0.677119 0.616884 0.044488 0.0378586
0 0.38212 0.390154 0.0312573 0.0592055
3 0.102219 0.927125 0.0183276 0.0166737
0 0.242401 0.466177 0.033862 0.0575476
0 0.759136 0.152464 0.0512637 0.0310884
0 0.576336 0.29555 0.0533451 0.0347404
0 0.028388 0.954409 0.0357454 0.0360001
0 0.940286 0.234985 0.0351818 0.0572776
0 0.159208 0.509489 0.0541357 0.0385918
0 0.554034 0.190772 0.0636387 0.0280385
0 0.126304 0.836021 0.032121 0.0415565
0 0.576965 0.756465 0.0405962 0.0390742
0 0.305789 0.339654 0.0283103 0.0541181
0 0.191703 0.916534 0.0547598 0.0336088
0 0.189595 0.750365 0.0346236 0.0240454
0 0.124926 0.274663 0.0634023 0.0445753
2 0.232432 0.777703 0.0372437 0.0226161
3 0.418308 0.807866 0.0181898 0.0206039
2 0.796723 0.794265 0.0242957 0.0243661
0 0.865481 0.420237 0.0488884 0.0396854
0 0.0622286 0.460061 0.0407182 0.0468742
0 0.649899 0.373262 0.0411396 0.0521019
0 0.910552 0.37835 0.0324898 0.0470389
2 0.0779478 0.60982 0.037958 0.0306868
3 0.913731 0.311373 0.0407743 0.0306402
0 0.184274 0.417803 0.0529063 0.0356494
0 0.454802 0.79375 0.0395435 0.0323464
0 0.823739 0.225874 0.0593899 0.0280437
0 0.357463 0.715536 0.0462932 0.0345088
2 0.560538 0.561668 0.03415 0.0341047
0 0.927317 0.484506 0.0333578 0.0620419
2 0.535868 0.693472 0.0345851 0.0308983
3 0.810121 0.937587 0.03333 0.0185305
0 0.426437 0.935372 0.0499925 0.0225531
3 0.388271 0.654558 0.0280023 0.024745
3 0.564689 0.802515 0.0221977 0.0270731
3 0.024214 0.678764 0.0370449 0.0152429
0 0.296533 0.0251509 0.0519022 0.031771
0 0.0306971 0.805338 0.029584 0.0307457
0 0.788632 0.863124 0.0553051 0.0214584
3 0.468472 0.720991 0.037457 0.0257503
3 0.133133 0.970968 0.0233485 0.0279625
0 0.0987678 0.357735 0.0586176 0.0337528
0 0.583119 0.984897 0.0366648 0.030201
0 0.990646 0.915372 0.0187087 0.0561731
2 0.603629 0.726698 0.032476 0.0270298
2 0.725438 0.742524 0.0333463 0.0316566
2 0.816724 0.725485 0.0310738 0.0307831
0 0.362387 0.572002 0.0284627 0.068416
0 0.207689 0.635564 0.0297152 0.0365467
0 0.389242 0.99354 0.0407457 0.0129204
0 0.662237 0.537782 0.0471155 0.0239973
3 0.629308 0.837184 0.0364696 0.0255186
0 0.0750697 0.0596291 0.0361113 0.031894
0 0.00938894 0.378907 0.0186876 0.0329682
2 0.662363 0.537511 0.0455883 0.023785
2 0.978401 0.784875 0.0277765 0.0245382
0 0.977977 0.784789 0.0297792 0.0255571
2 0.513605 0.849728 0.0399068 0.0295546
2 0.954804 0.836077 0.0319401 0.0214291
0 0.362502 0.558673 0.0276522 0.0425208
3 0.100451 0.778898 0.0360828 0.0292809
2 0.0749449 0.059413 0.034818 0.0319268
3 0.0982456 0.780072 0.0316285 0.0232828
0 0.512093 0.848953 0.0533068 0.0312225
2 0.170411 0.930743 0.0234613 0.0176325
