0 0.660214 0.158632 0.0414957 0.0592478
0 0.952751 0.243449 0.0506157 0.0417521
0 0.51673 0.814233 0.0440214 0.0605557
0 0.263101 0.307758 0.0336446 0.0500945
0 0.871861 0.371024 0.0578941 0.0365252
0 0.558485 0.22804 0.0501232 0.0363686
0 0.0681345 0.231311 0.0596692 0.053739
0 0.852473 0.0835139 0.0573921 0.0336252
0 0.577488 0.517046 0.0597467 0.0331718
0 0.112637 0.321581 0.0332842 0.0659806
0 0.234001 0.858956 0.0583009 0.0428814
0 0.657725 0.0143413 0.0363481 0.0286519
0 0.744021 0.418805 0.0557544 0.0387219
0 0.394314 0.180623 0.0553648 0.0537462
0 0.448239 0.979436 0.0496969 0.0343208
0 0.751702 0.598735 0.0390421 0.0395552
0 0.163408 0.121236 0.0600909 0.0359487
0 0.0975324 0.0168318 0.048684 0.0334059
0 0.474739 0.336844 0.0384798 0.0346347
0 0.724011 0.17126 0.0386365 0.0347873
0 0.821782 0.0138804 0.0415152 0.0275559
0 0.942486 0.021392 0.0385305 0.0427187
0 0.184266 0.461918 0.0267107 0.0274435
0 0.623894 0.940877 0.0506887 0.0322971
2 0.797391 0.169377 0.0318517 0.031021
0 0.00988646 0.391375 0.0197729 0.0629536
0 0.576569 0.957398 0.0472643 0.0494617
0 0.1914 0.429285 0.0258157 0.0391865
2 0.582829 0.0930036 0.0286842 0.0345444
0 0.015401 0.253385 0.030802 0.0408038
2 0.434297 0.254961 0.0301254 0.0405462
0 0.153013 0.473371 0.0277591 0.032397
0 0.0697891 0.455483 0.0221116 0.0410467
0 0.669124 0.0541887 0.0266455 0.0330412
0 0.0573433 0.454497 0.0468253 0.0465926
0 0.564742 0.303662 0.0461794 0.0849111
0 0.558335 0.279427 0.0327728 0.0394935
0 0.569051 0.311881 0.03755 0.0661426
3 0.668979 0.0542628 0.0266998 0.0332421
0 0.0497513 0.453347 0.0605629 0.0526159
0 0.0462945 0.451021 0.0335675 0.0485644
0 0.577444 0.307721 0.0206522 0.0541509
0 0.0453608 0.45197 0.0233921 0.0448437
2 0.821264 0.0137236 0.0374237 0.0274473
