0 0.91476 0.32715 0.111936 0.128686
0 0.679145 0.146299 0.057576 0.0376632
0 0.730273 0.618452 0.0428234 0.0538312
0 0.810532 0.0809475 0.0383407 0.0415646
0 0.988956 0.13353 0.0220888 0.046802
0 0.645242 0.624691 0.0371021 0.0446086
0 0.730334 0.841632 0.0399942 0.038121
0 0.979061 0.655577 0.0418783 0.0302579
0 0.628164 0.775289 0.0283556 0.0464897
0 0.806889 0.95948 0.0596197 0.0344669
0 0.775391 0.146491 0.0440737 0.0237474
0 0.344853 0.834101 0.0576194 0.0343811
0 0.903609 0.88431 0.060636 0.0342407
0 0.578625 0.86728 0.0350218 0.0346874
0 0.445143 0.748106 0.0435107 0.0758081
0 0.899284 0.0599714 0.0537693 0.0316177
0 0.881981 0.933184 0.0379696 0.0337765
0 0.38589 0.524454 0.0289602 0.0624835
0 0.286587 0.37333 0.0660054 0.0318876
0 0.839585 0.125428 0.0400284 0.0504518
0 0.2106 0.689742 0.0329988 0.0416396
0 0.270265 0.319556 0.0642402 0.0312886
0 0.855699 0.182759 0.0318752 0.0416596
0 0.458166 0.642632 0.0440817 0.054738
0 0.482065 0.216438 0.0333397 0.0433361
0 0.935427 0.543604 0.0336098 0.0420441
0 0.56377 0.978691 0.0450803 0.0357975
0 0.0289487 0.17718 0.0577127 0.0305848
2 0.950007 0.426368 0.0409702 0.0246881
0 0.739797 0.539114 0.0476234 0.0346536
0 0.382946 0.981849 0.0640995 0.036194
2 0.247553 0.0392961 0.0377908 0.0283672
0 0.403617 0.86594 0.0427176 0.0319801
0 0.194807 0.594968 0.0607126 0.0279442
0 0.325984 0.305728 0.0572295 0.0264794
0 0.325775 0.661893 0.068394 0.0614609
0 0.602557 0.477623 0.0559338 0.0264463
2 0.441943 0.607217 0.0304136 0.0298386
0 0.263068 0.508633 0.0400925 0.0313324
2 0.928706 0.780797 0.0288633 0.0281719
0 0.394084 0.244057 0.0583844 0.027249
0 0.358944 0.424909 0.0286279 0.0230846
0 0.10842 0.619033 0.0563024 0.0318136
0 0.266372 0.451744 0.0766894 0.044303
0 0.199286 0.508421 0.0658324 0.0229328
0 0.587846 0.504521 0.0339705 0.0318586
0 0.230482 0.527859 0.0569719 0.0224036
0 0.390063 0.0955541 0.0702374 0.0522307
0 0.274944 0.470846 0.0542999 0.0234153
0 0.772318 0.274873 0.0249908 0.0320446
0 0.282369 0.450033 0.0488962 0.0325239
0 0.154339 0.561355 0.0313308 0.0207025
2 0.772601 0.274593 0.0243347 0.031356
0 0.205271 0.495746 0.0574671 0.0466772
2 0.2835 0.0440877 0.0275298 0.0291519
0 0.557424 0.145168 0.0276852 0.032771
0 0.21158 0.486304 0.0421048 0.0299758
0 0.38539 0.0857844 0.0599233 0.034742
0 0.92933 0.780398 0.0311203 0.0277786
